PS C:\Users\Areen\Downloads\CS-UGP\MAX_CUT> python -u "c:\Users\Areen\Downloads\CS-UGP\MAX_CUT\gw.py







                                            python -u "c:\Users\Areen\Downloads\CS-UGP\MAX_CUT\gw.py"
Enter the number of vertices: 22
Enter the number of times to run the computation: 10
Enter edge probability (between 0 and 1): 0.3
Run 1:
Adjacency Matrix:
[[0 1 0 1 0 1 0 0 0 0 0 0 0 0 0 0 1 0 0 0 0 1]
 [1 0 0 0 0 1 1 1 1 0 1 1 0 1 0 0 0 0 0 0 0 1]
 [0 0 0 0 0 1 0 0 1 0 0 1 1 0 0 0 0 0 0 1 0 0]
 [1 0 0 0 0 0 1 1 0 0 0 0 0 0 0 0 1 0 1 1 0 0]
 [0 0 0 0 0 0 1 0 0 0 1 0 0 0 0 0 1 0 0 0 1 1]
 [1 1 1 0 0 0 0 0 1 1 0 0 0 1 0 0 0 0 0 1 0 0]
 [0 1 0 1 1 0 0 0 1 0 0 0 0 1 1 1 0 0 0 0 0 0]
 [0 1 0 1 0 0 0 0 0 1 0 1 0 1 1 0 1 0 0 1 1 0]
 [0 1 1 0 0 1 1 0 0 0 1 0 0 0 0 0 0 1 1 0 0 0]
 [0 0 0 0 0 1 0 1 0 0 0 0 0 1 0 0 0 0 1 1 0 0]
 [0 1 0 0 1 0 0 0 1 0 0 0 1 1 0 0 0 0 0 0 0 1]
 [0 1 1 0 0 0 0 1 0 0 0 0 0 0 0 0 0 0 0 1 0 1]
 [0 0 1 0 0 0 0 0 0 0 1 0 0 0 1 0 1 1 0 1 0 0]
 [0 1 0 0 0 1 1 1 0 1 1 0 0 0 0 0 0 0 0 1 0 0]
 [0 0 0 0 0 0 1 1 0 0 0 0 1 0 0 0 0 0 0 0 1 0]
 [0 0 0 0 0 0 1 0 0 0 0 0 0 0 0 0 1 0 1 0 0 1]
 [1 0 0 1 1 0 0 1 0 0 0 0 1 0 0 1 0 0 1 0 1 1]
 [0 0 0 0 0 0 0 0 1 0 0 0 1 0 0 0 0 0 0 0 1 0]
 [0 0 0 1 0 0 0 0 1 1 0 0 0 0 0 1 1 0 0 1 0 0]
 [0 0 1 1 0 1 0 1 0 1 0 1 1 1 0 0 0 0 1 0 0 1]
 [0 0 0 0 1 0 0 1 0 0 0 0 0 0 1 0 1 1 0 0 0 0]
 [1 1 0 0 1 0 0 0 0 0 1 1 0 0 0 1 1 0 0 1 0 0]]
GW Cut Value: 50
Optimal Cut Value: 50
SDP Relaxation Value: 52.6016
Approximation Ratio (GW/OPT): 1.0000
Approximation Ratio (GW/SDP): 0.9505
------------------------------------------------------------
Run 2:
Adjacency Matrix:
[[0 0 1 1 1 1 0 0 0 1 0 0 1 0 1 0 1 0 0 0 1 1]
 [0 0 0 0 0 1 0 1 1 1 0 0 0 0 0 1 0 0 0 1 0 1]
 [1 0 0 0 0 0 0 1 1 1 1 0 0 0 0 0 1 1 1 1 0 1]
 [1 0 0 0 0 0 0 1 0 1 0 0 0 1 0 0 1 0 0 0 0 0]
 [1 0 0 0 0 0 1 0 0 0 1 0 0 0 1 1 0 1 1 0 0 0]
 [1 1 0 0 0 0 0 0 1 0 0 1 0 1 0 0 0 1 1 0 1 0]
 [0 0 0 0 1 0 0 0 1 0 0 0 1 0 0 0 1 0 1 0 0 0]
 [0 1 1 1 0 0 0 0 0 0 0 0 0 0 1 0 0 0 0 0 1 0]
 [0 1 1 0 0 1 1 0 0 0 0 0 0 0 0 1 0 0 0 0 0 0]
 [1 1 1 1 0 0 0 0 0 0 0 0 1 1 0 0 0 0 0 0 0 1]
 [0 0 1 0 1 0 0 0 0 0 0 0 0 1 0 0 1 1 1 0 1 0]
 [0 0 0 0 0 1 0 0 0 0 0 0 0 1 0 0 0 0 0 0 1 0]
 [1 0 0 0 0 0 1 0 0 1 0 0 0 0 0 1 1 1 0 1 1 0]
 [0 0 0 1 0 1 0 0 0 1 1 1 0 0 0 0 0 0 1 0 1 0]
 [1 0 0 0 1 0 0 1 0 0 0 0 0 0 0 0 0 1 0 0 0 1]
 [0 1 0 0 1 0 0 0 1 0 0 0 1 0 0 0 0 0 1 0 0 0]
 [1 0 1 1 0 0 1 0 0 0 1 0 1 0 0 0 0 1 0 1 0 1]
 [0 0 1 0 1 1 0 0 0 0 1 0 1 0 1 0 1 0 0 1 1 0]
 [0 0 1 0 1 1 1 0 0 0 1 0 0 1 0 1 0 0 0 0 1 1]
 [0 1 1 0 0 0 0 0 0 0 0 0 1 0 0 0 1 1 0 0 1 1]
 [1 0 0 0 0 1 0 1 0 0 1 1 1 1 0 0 0 1 1 1 0 0]
 [1 1 1 0 0 0 0 0 0 1 0 0 0 0 1 0 1 0 1 1 0 0]]
GW Cut Value: 55
Optimal Cut Value: 56
SDP Relaxation Value: 58.4724
Approximation Ratio (GW/OPT): 0.9821
Approximation Ratio (GW/SDP): 0.9406
------------------------------------------------------------
Run 3:
Adjacency Matrix:
[[0 0 0 0 0 1 0 0 0 0 1 1 0 1 0 0 0 0 0 0 1 1]
 [0 0 0 0 1 0 1 0 0 0 0 0 0 0 1 0 0 0 0 0 0 0]
 [0 0 0 1 0 0 0 0 0 0 0 0 0 0 0 0 1 0 1 0 0 1]
 [0 0 1 0 0 0 0 0 1 1 0 0 0 1 0 1 0 1 1 0 1 0]
 [0 1 0 0 0 0 1 0 1 0 1 0 1 1 1 0 0 0 0 1 1 0]
 [1 0 0 0 0 0 0 1 0 1 1 0 0 0 0 0 1 0 0 0 0 1]
 [0 1 0 0 1 0 0 0 0 1 1 0 0 0 1 0 0 0 0 0 1 1]
 [0 0 0 0 0 1 0 0 0 0 1 0 0 0 1 0 0 1 0 0 0 0]
 [0 0 0 1 1 0 0 0 0 0 0 1 0 1 0 0 0 0 1 0 0 1]
 [0 0 0 1 0 1 1 0 0 0 0 0 1 0 0 0 1 1 1 0 0 0]
 [1 0 0 0 1 1 1 1 0 0 0 1 0 0 0 0 0 0 0 0 0 0]
 [1 0 0 0 0 0 0 0 1 0 1 0 0 0 0 0 1 0 0 0 1 0]
 [0 0 0 0 1 0 0 0 0 1 0 0 0 1 1 1 0 0 0 0 1 1]
 [1 0 0 1 1 0 0 0 1 0 0 0 1 0 1 1 0 0 0 0 1 1]
 [0 1 0 0 1 0 1 1 0 0 0 0 1 1 0 0 0 1 0 1 0 0]
 [0 0 0 1 0 0 0 0 0 0 0 0 1 1 0 0 0 0 1 0 1 0]
 [0 0 1 0 0 1 0 0 0 1 0 1 0 0 0 0 0 0 0 0 0 0]
 [0 0 0 1 0 0 0 1 0 1 0 0 0 0 1 0 0 0 0 1 0 0]
 [0 0 1 1 0 0 0 0 1 1 0 0 0 0 0 1 0 0 0 1 0 0]
 [0 0 0 0 1 0 0 0 0 0 0 0 0 0 1 0 0 1 1 0 0 0]
 [1 0 0 1 1 0 1 0 0 0 0 1 1 1 0 1 0 0 0 0 0 0]
 [1 0 1 0 0 1 1 0 1 0 0 0 1 1 0 0 0 0 0 0 0 0]]
GW Cut Value: 46
Optimal Cut Value: 48
SDP Relaxation Value: 50.5968
Approximation Ratio (GW/OPT): 0.9583
Approximation Ratio (GW/SDP): 0.9091
------------------------------------------------------------
Run 4:
Adjacency Matrix:
[[0 0 1 0 0 1 0 0 1 1 0 1 0 0 0 0 0 0 0 0 0 0]
 [0 0 0 0 0 0 0 0 1 1 0 0 0 0 0 1 1 1 0 0 0 0]
 [1 0 0 1 0 0 0 0 1 0 0 0 0 0 0 0 1 1 0 1 0 0]
 [0 0 1 0 1 0 0 1 0 0 0 1 0 0 0 0 0 0 0 1 0 0]
 [0 0 0 1 0 0 0 1 0 0 0 0 0 0 0 0 0 0 0 1 0 0]
 [1 0 0 0 0 0 0 1 0 0 0 1 0 1 1 0 0 1 0 0 0 1]
 [0 0 0 0 0 0 0 1 0 0 0 0 0 0 1 0 0 1 1 1 0 0]
 [0 0 0 1 1 1 1 0 0 0 1 0 0 0 0 0 0 1 0 0 1 1]
 [1 1 1 0 0 0 0 0 0 0 1 1 1 1 0 0 0 0 0 0 0 1]
 [1 1 0 0 0 0 0 0 0 0 1 1 0 1 0 1 0 0 1 1 0 0]
 [0 0 0 0 0 0 0 1 1 1 0 0 0 0 0 0 0 0 0 0 0 0]
 [1 0 0 1 0 1 0 0 1 1 0 0 0 0 1 1 1 0 0 0 0 0]
 [0 0 0 0 0 0 0 0 1 0 0 0 0 0 0 0 0 0 0 1 0 0]
 [0 0 0 0 0 1 0 0 1 1 0 0 0 0 0 0 0 0 0 0 0 1]
 [0 0 0 0 0 1 1 0 0 0 0 1 0 0 0 0 1 0 0 0 0 0]
 [0 1 0 0 0 0 0 0 0 1 0 1 0 0 0 0 1 0 0 0 1 0]
 [0 1 1 0 0 0 0 0 0 0 0 1 0 0 1 1 0 0 0 0 0 1]
 [0 1 1 0 0 1 1 1 0 0 0 0 0 0 0 0 0 0 0 1 0 0]
 [0 0 0 0 0 0 1 0 0 1 0 0 0 0 0 0 0 0 0 1 0 0]
 [0 0 1 1 1 0 1 0 0 1 0 0 1 0 0 0 0 1 1 0 0 1]
 [0 0 0 0 0 0 0 1 0 0 0 0 0 0 0 1 0 0 0 0 0 0]
 [0 0 0 0 0 1 0 1 1 0 0 0 0 1 0 0 1 0 0 1 0 0]]
GW Cut Value: 44
Optimal Cut Value: 45
SDP Relaxation Value: 46.8059
Approximation Ratio (GW/OPT): 0.9778
Approximation Ratio (GW/SDP): 0.9401
------------------------------------------------------------
Run 5:
Adjacency Matrix:
[[0 0 0 0 0 0 1 0 1 1 0 1 1 0 0 0 0 0 0 1 1 1]
 [0 0 0 1 0 0 1 0 1 0 1 0 0 0 0 1 0 1 0 0 0 0]
 [0 0 0 1 0 0 0 0 0 1 0 0 1 0 1 0 0 1 0 1 1 0]
 [0 1 1 0 1 0 1 1 0 0 0 0 0 0 1 0 1 0 1 0 0 1]
 [0 0 0 1 0 1 0 0 0 1 0 1 0 1 0 1 0 0 0 0 0 0]
 [0 0 0 0 1 0 0 1 1 0 0 0 0 1 0 0 0 0 1 0 1 1]
 [1 1 0 1 0 0 0 0 1 0 1 1 1 0 0 0 0 0 0 0 0 0]
 [0 0 0 1 0 1 0 0 0 0 1 0 1 0 1 0 0 0 0 0 0 1]
 [1 1 0 0 0 1 1 0 0 0 0 0 0 1 0 0 0 0 0 0 0 0]
 [1 0 1 0 1 0 0 0 0 0 0 0 1 0 1 0 0 1 0 0 0 0]
 [0 1 0 0 0 0 1 1 0 0 0 1 0 0 1 0 0 1 0 1 0 0]
 [1 0 0 0 1 0 1 0 0 0 1 0 0 0 1 0 1 0 1 1 0 1]
 [1 0 1 0 0 0 1 1 0 1 0 0 0 0 0 0 1 0 1 0 0 0]
 [0 0 0 0 1 1 0 0 1 0 0 0 0 0 1 1 0 0 1 1 1 1]
 [0 0 1 1 0 0 0 1 0 1 1 1 0 1 0 0 0 1 0 0 0 0]
 [0 1 0 0 1 0 0 0 0 0 0 0 0 1 0 0 1 0 1 0 1 0]
 [0 0 0 1 0 0 0 0 0 0 0 1 1 0 0 1 0 0 0 1 1 1]
 [0 1 1 0 0 0 0 0 0 1 1 0 0 0 1 0 0 0 1 1 1 0]
 [0 0 0 1 0 1 0 0 0 0 0 1 1 1 0 1 0 1 0 1 0 1]
 [1 0 1 0 0 0 0 0 0 0 1 1 0 1 0 0 1 1 1 0 1 0]
 [1 0 1 0 0 1 0 0 0 0 0 0 0 1 0 1 1 1 0 1 0 1]
 [1 0 0 1 0 1 0 1 0 0 0 1 0 1 0 0 1 0 1 0 1 0]]
GW Cut Value: 59
Optimal Cut Value: 60
SDP Relaxation Value: 61.7023
Approximation Ratio (GW/OPT): 0.9833
Approximation Ratio (GW/SDP): 0.9562
------------------------------------------------------------
Run 6:
Adjacency Matrix:
[[0 1 1 0 0 1 1 1 1 0 0 1 0 1 1 0 0 0 0 0 0 0]
 [1 0 0 1 0 1 0 0 0 0 1 0 0 0 0 0 0 0 0 1 0 0]
 [1 0 0 0 0 0 0 0 0 1 0 1 1 0 1 0 0 1 0 0 0 1]
 [0 1 0 0 1 0 0 0 0 0 0 1 0 0 1 0 1 0 1 0 0 0]
 [0 0 0 1 0 0 0 1 1 1 0 1 0 0 0 0 0 0 0 0 0 1]
 [1 1 0 0 0 0 0 1 0 1 1 0 1 0 0 1 1 0 0 0 0 0]
 [1 0 0 0 0 0 0 1 0 0 1 0 0 0 0 1 0 0 0 1 0 1]
 [1 0 0 0 1 1 1 0 1 0 0 0 1 0 0 0 0 1 0 1 0 0]
 [1 0 0 0 1 0 0 1 0 0 0 1 0 1 0 1 1 0 1 0 0 0]
 [0 0 1 0 1 1 0 0 0 0 1 0 1 1 0 0 0 0 1 0 0 0]
 [0 1 0 0 0 1 1 0 0 1 0 0 1 0 0 0 0 0 0 0 0 0]
 [1 0 1 1 1 0 0 0 1 0 0 0 0 0 0 1 0 0 0 0 0 0]
 [0 0 1 0 0 1 0 1 0 1 1 0 0 0 1 1 0 1 0 0 0 0]
 [1 0 0 0 0 0 0 0 1 1 0 0 0 0 1 0 0 1 0 0 0 0]
 [1 0 1 1 0 0 0 0 0 0 0 0 1 1 0 0 0 1 0 0 1 0]
 [0 0 0 0 0 1 1 0 1 0 0 1 1 0 0 0 0 1 0 0 0 0]
 [0 0 0 1 0 1 0 0 1 0 0 0 0 0 0 0 0 0 0 0 0 1]
 [0 0 1 0 0 0 0 1 0 0 0 0 1 1 1 1 0 0 0 0 0 1]
 [0 0 0 1 0 0 0 0 1 1 0 0 0 0 0 0 0 0 0 1 0 0]
 [0 1 0 0 0 0 1 1 0 0 0 0 0 0 0 0 0 0 1 0 0 0]
 [0 0 0 0 0 0 0 0 0 0 0 0 0 0 1 0 0 0 0 0 0 1]
 [0 0 1 0 1 0 1 0 0 0 0 0 0 0 0 0 1 1 0 0 1 0]]
GW Cut Value: 46
Optimal Cut Value: 50
SDP Relaxation Value: 51.9832
Approximation Ratio (GW/OPT): 0.9200
Approximation Ratio (GW/SDP): 0.8849
------------------------------------------------------------
Run 7:
Adjacency Matrix:
[[0 0 1 0 0 0 0 1 0 0 1 0 0 1 1 0 0 0 1 1 0 0]
 [0 0 0 1 0 0 0 0 0 0 0 0 0 1 1 0 0 0 0 0 1 0]
 [1 0 0 0 1 1 0 1 0 0 0 0 1 1 1 0 0 0 1 0 0 1]
 [0 1 0 0 0 0 0 0 1 1 0 1 1 0 0 0 1 0 0 1 0 1]
 [0 0 1 0 0 0 0 0 1 0 1 0 0 0 1 1 1 0 0 0 1 0]
 [0 0 1 0 0 0 0 1 0 1 0 0 0 1 0 0 1 0 1 0 0 1]
 [0 0 0 0 0 0 0 0 0 0 0 1 0 0 1 0 0 0 1 0 0 0]
 [1 0 1 0 0 1 0 0 1 1 1 0 0 0 0 1 0 1 0 0 0 0]
 [0 0 0 1 1 0 0 1 0 1 1 0 0 0 0 1 1 0 0 0 0 1]
 [0 0 0 1 0 1 0 1 1 0 0 1 1 0 0 0 0 1 0 0 1 0]
 [1 0 0 0 1 0 0 1 1 0 0 1 0 1 0 1 0 0 0 0 0 0]
 [0 0 0 1 0 0 1 0 0 1 1 0 0 0 0 0 1 1 0 0 0 0]
 [0 0 1 1 0 0 0 0 0 1 0 0 0 1 0 0 0 0 0 1 0 0]
 [1 1 1 0 0 1 0 0 0 0 1 0 1 0 0 1 0 1 1 0 0 0]
 [1 1 1 0 1 0 1 0 0 0 0 0 0 0 0 1 0 0 0 0 0 0]
 [0 0 0 0 1 0 0 1 1 0 1 0 0 1 1 0 0 0 0 0 1 0]
 [0 0 0 1 1 1 0 0 1 0 0 1 0 0 0 0 0 0 0 0 0 0]
 [0 0 0 0 0 0 0 1 0 1 0 1 0 1 0 0 0 0 1 0 0 1]
 [1 0 1 0 0 1 1 0 0 0 0 0 0 1 0 0 0 1 0 0 1 0]
 [1 0 0 1 0 0 0 0 0 0 0 0 1 0 0 0 0 0 0 0 1 0]
 [0 1 0 0 1 0 0 0 0 1 0 0 0 0 0 1 0 0 1 1 0 0]
 [0 0 1 1 0 1 0 0 1 0 0 0 0 0 0 0 0 1 0 0 0 0]]
GW Cut Value: 52
Optimal Cut Value: 53
SDP Relaxation Value: 55.1113
Approximation Ratio (GW/OPT): 0.9811
Approximation Ratio (GW/SDP): 0.9435
------------------------------------------------------------
Run 8:
Adjacency Matrix:
[[0 0 0 0 0 1 0 1 0 1 1 0 1 0 0 1 0 1 1 0 0 0]
 [0 0 0 1 0 0 0 0 1 0 1 0 0 1 1 0 1 0 1 0 1 0]
 [0 0 0 1 0 0 0 1 0 1 0 0 1 0 1 1 0 0 0 1 1 1]
 [0 1 1 0 0 0 0 0 0 0 0 1 1 0 0 0 0 0 1 0 0 1]
 [0 0 0 0 0 1 0 0 0 0 1 1 0 0 0 0 0 0 0 0 1 0]
 [1 0 0 0 1 0 1 0 1 0 0 0 0 1 0 1 0 1 1 1 0 1]
 [0 0 0 0 0 1 0 1 1 0 0 1 1 1 0 1 0 0 1 0 0 0]
 [1 0 1 0 0 0 1 0 1 0 0 1 0 0 0 0 0 0 0 0 0 1]
 [0 1 0 0 0 1 1 1 0 1 1 1 0 1 0 0 0 0 1 0 0 0]
 [1 0 1 0 0 0 0 0 1 0 0 0 0 0 0 0 0 1 1 1 0 0]
 [1 1 0 0 1 0 0 0 1 0 0 0 0 0 0 1 1 0 1 0 0 0]
 [0 0 0 1 1 0 1 1 1 0 0 0 0 0 0 0 1 1 0 0 0 0]
 [1 0 1 1 0 0 1 0 0 0 0 0 0 0 0 0 0 0 0 0 0 1]
 [0 1 0 0 0 1 1 0 1 0 0 0 0 0 0 1 1 0 0 1 0 1]
 [0 1 1 0 0 0 0 0 0 0 0 0 0 0 0 1 1 0 0 0 1 0]
 [1 0 1 0 0 1 1 0 0 0 1 0 0 1 1 0 0 0 0 1 0 0]
 [0 1 0 0 0 0 0 0 0 0 1 1 0 1 1 0 0 0 1 1 0 0]
 [1 0 0 0 0 1 0 0 0 1 0 1 0 0 0 0 0 0 0 1 1 1]
 [1 1 0 1 0 1 1 0 1 1 1 0 0 0 0 0 1 0 0 0 0 1]
 [0 0 1 0 0 1 0 0 0 1 0 0 0 1 0 1 1 1 0 0 0 0]
 [0 1 1 0 1 0 0 0 0 0 0 0 0 0 1 0 0 1 0 0 0 0]
 [0 0 1 1 0 1 0 1 0 0 0 0 1 1 0 0 0 1 1 0 0 0]]
GW Cut Value: 54
Optimal Cut Value: 58
SDP Relaxation Value: 59.1377
Approximation Ratio (GW/OPT): 0.9310
Approximation Ratio (GW/SDP): 0.9131
------------------------------------------------------------
Run 9:
Adjacency Matrix:
[[0 1 0 0 1 0 1 0 1 0 1 0 1 0 0 1 1 0 0 0 0 0]
 [1 0 0 0 0 1 0 0 0 1 1 0 1 1 0 0 0 1 0 0 0 0]
 [0 0 0 0 0 1 0 1 0 0 0 1 0 1 0 0 1 0 0 0 0 0]
 [0 0 0 0 0 0 0 0 1 0 1 0 0 0 0 0 0 0 0 0 0 0]
 [1 0 0 0 0 0 0 1 0 1 0 0 0 1 0 0 0 0 0 1 0 1]
 [0 1 1 0 0 0 0 1 0 0 0 0 1 1 0 0 1 1 0 1 0 1]
 [1 0 0 0 0 0 0 0 0 0 1 0 0 0 1 0 0 1 1 0 1 0]
 [0 0 1 0 1 1 0 0 0 0 0 0 1 1 0 0 0 0 1 0 0 1]
 [1 0 0 1 0 0 0 0 0 0 0 0 0 1 1 1 1 1 0 0 0 0]
 [0 1 0 0 1 0 0 0 0 0 0 0 1 1 0 0 0 0 0 0 0 1]
 [1 1 0 1 0 0 1 0 0 0 0 1 0 1 1 1 0 0 0 0 0 1]
 [0 0 1 0 0 0 0 0 0 0 1 0 0 0 1 1 0 1 0 1 0 1]
 [1 1 0 0 0 1 0 1 0 1 0 0 0 0 0 1 0 0 0 1 0 0]
 [0 1 1 0 1 1 0 1 1 1 1 0 0 0 0 0 0 1 1 0 0 0]
 [0 0 0 0 0 0 1 0 1 0 1 1 0 0 0 0 0 0 1 0 0 0]
 [1 0 0 0 0 0 0 0 1 0 1 1 1 0 0 0 0 0 0 1 0 0]
 [1 0 1 0 0 1 0 0 1 0 0 0 0 0 0 0 0 0 0 1 1 0]
 [0 1 0 0 0 1 1 0 1 0 0 1 0 1 0 0 0 0 0 0 0 1]
 [0 0 0 0 0 0 1 1 0 0 0 0 0 1 1 0 0 0 0 0 0 0]
 [0 0 0 0 1 1 0 0 0 0 0 1 1 0 0 1 1 0 0 0 0 0]
 [0 0 0 0 0 0 1 0 0 0 0 0 0 0 0 0 1 0 0 0 0 0]
 [0 0 0 0 1 1 0 1 0 1 1 1 0 0 0 0 0 1 0 0 0 0]]
GW Cut Value: 50
Optimal Cut Value: 51
SDP Relaxation Value: 53.0132
Approximation Ratio (GW/OPT): 0.9804
Approximation Ratio (GW/SDP): 0.9432
------------------------------------------------------------
Run 10:
Adjacency Matrix:
[[0 0 0 1 0 0 0 0 0 1 1 1 1 1 0 0 0 1 0 1 0 0]
 [0 0 0 0 0 0 0 0 1 0 1 0 0 0 0 1 0 1 0 0 0 0]
 [0 0 0 1 0 0 0 0 0 0 1 1 1 0 0 0 1 0 0 0 0 0]
 [1 0 1 0 1 1 0 0 1 0 1 0 0 0 1 0 0 0 0 0 0 1]
 [0 0 0 1 0 1 0 1 0 0 0 0 0 0 0 0 0 0 0 0 0 0]
 [0 0 0 1 1 0 0 1 0 0 0 0 0 0 0 0 1 0 0 0 0 1]
 [0 0 0 0 0 0 0 0 0 0 0 0 0 1 0 1 0 0 1 0 0 0]
 [0 0 0 0 1 1 0 0 0 0 0 1 0 0 0 1 0 0 1 1 0 1]
 [0 1 0 1 0 0 0 0 0 1 1 0 0 1 0 0 1 1 1 0 0 0]
 [1 0 0 0 0 0 0 0 1 0 0 0 0 0 0 1 1 0 0 0 0 0]
 [1 1 1 1 0 0 0 0 1 0 0 0 0 1 1 0 0 1 1 0 0 1]
 [1 0 1 0 0 0 0 1 0 0 0 0 0 0 1 0 1 0 0 1 0 1]
 [1 0 1 0 0 0 0 0 0 0 0 0 0 0 1 1 1 1 0 0 0 0]
 [1 0 0 0 0 0 1 0 1 0 1 0 0 0 1 0 1 0 0 0 1 0]
 [0 0 0 1 0 0 0 0 0 0 1 1 1 1 0 0 0 1 1 0 0 0]
 [0 1 0 0 0 0 1 1 0 1 0 0 1 0 0 0 0 0 0 0 1 1]
 [0 0 1 0 0 1 0 0 1 1 0 1 1 1 0 0 0 0 0 1 0 0]
 [1 1 0 0 0 0 0 0 1 0 1 0 1 0 1 0 0 0 1 0 0 0]
 [0 0 0 0 0 0 1 1 1 0 1 0 0 0 1 0 0 1 0 1 0 1]
 [1 0 0 0 0 0 0 1 0 0 0 1 0 0 0 0 1 0 1 0 0 0]
 [0 0 0 0 0 0 0 0 0 0 0 0 0 1 0 1 0 0 0 0 0 1]
 [0 0 0 1 0 1 0 1 0 0 1 1 0 0 0 1 0 0 1 0 1 0]]
GW Cut Value: 48
Optimal Cut Value: 52
SDP Relaxation Value: 52.8892
Approximation Ratio (GW/OPT): 0.9231
Approximation Ratio (GW/SDP): 0.9076
------------------------------------------------------------
PS C:\Users\Areen\Downloads\CS-UGP\MAX_CUT>




























